rs3094315	1	0.01	1
rs12124819	1	0.01	1
rs28765502	1	0.01	1
rs7419119	1	0.01	0.000596417
rs950122	1	0.01	1
rs113171913	1	0.01	1
rs13302957	1	0.01	1
rs112905931	1	0.01	0.661602
rs6696609	1	0.01	1
rs13303368	1	0.01	1
rs8997	1	0.01	1
rs4075116	1	0.01	1
rs3934834	1	0.01	1
rs9442372	1	0.01	1
rs3737728	1	0.01	1
rs11260588	1	0.01	1
rs9442398	1	0.01	1
rs6687776	1	0.01	1
rs9651273	1	0.01	1
rs147606383	1	0.01	0.0983875
rs4970405	1	0.01	0.117063
rs12726255	1	0.01	0.740757
rs7540009	1	0.01	1
rs11807848	1	0.01	1
rs9442373	1	0.01	1
rs2298217	1	0.01	0.00698067
rs12145826	1	0.01	1
rs4970357	1	0.01	1
rs11260603	1	0.01	1
rs9442380	1	0.01	1
rs7553429	1	0.01	1
rs4970362	1	0.01	1
rs9660710	1	0.01	0.0313707
rs6670693	1	0.01	1
rs4970420	1	0.01	1
rs4970421	1	0.03	0.00652828
rs1320565	1	0.01	0.146583
rs1320571	1	0.03	0.00297546
rs11260549	1	0.01	1
rs9659213	1	0.03	8.98531e-06
rs9729550	1	0.01	1
rs3753348	1	0.01	0.113064
rs3813200	1	0.01	0.640806
rs11721	1	0.01	0.0161718
rs2887286	1	0.01	1
rs79118541	1	0.02	3.53569e-05
rs3813199	1	0.01	0.000855355
rs113791678	1	0.02	0.000146535
rs3766186	1	0.02	0.000140721
rs7515488	1	0.01	1
rs78424188	1	0.01	1
